K P(K)
0.000000     0.0125
2.000000     0.0125
4.000000     0.0125
5.000000     0.0250
6.000000     0.0125
7.000000     0.0125
8.000000     0.0125
9.000000     0.0250
10.000000     0.0125
13.000000     0.0125
14.000000     0.0250
15.000000     0.0375
16.000000     0.0125
17.000000     0.0500
18.000000     0.0500
19.000000     0.0625
20.000000     0.0500
21.000000     0.0625
22.000000     0.0875
23.000000     0.1125
24.000000     0.0250
25.000000     0.0625
26.000000     0.0375
27.000000     0.0250
28.000000     0.0375
29.000000     0.0125
30.000000     0.0125
31.000000     0.0125
34.000000     0.0125
35.000000     0.0125
37.000000     0.0125
46.000000     0.0125
54.000000     0.0125
63.000000     0.0125
